11 -5.732 -21.910 2577.304
31 -5.709 -151.940 2576.489
16 -6.329 229.963 2574.937
19 -6.973 352.061 2577.637
22 243.441 233.181 2584.663
30 795.886 347.701 2598.000
20 796.096 -1.753 2605.200
6 238.994 -151.577 2583.027
25 238.083 102.204 2584.903
27 1196.372 348.479 2614.521
3 1195.825 194.823 2614.597
10 1196.288 -200.288 2642.233
18 1597.165 -200.862 2651.139
33 1914.327 -203.192 2639.746
32 1913.405 -0.537 2636.477
8 1914.413 198.421 2633.538
5 1595.667 34.923 2624.098
9 1611.897 248.349 2625.083
17 1915.233 395.628 2633.252
